300
600
4600
1300
5700
300
2200
800
100
400
6000
0
0
11900
0
1000
8500
100
0
0
0
0
0
7800
8700
10100
10700
11700
14200
15700
142400
14000
161300
102700
0
2800
130600
8900
3400
11800
28100
11600
12200
27700
11000
800
21100
8300
10000
1400
3400
1900
1100
200
13700
1300
0
1100
11500
4100
11400
12700
0
100
100
100
1000
1000
3500
1800
2200
1100
0
10900
200
0
0
0
200
0
0
0
100
0
0
0
0
0
0
100
0
200
0
0
200
200
0
0
0
0
0
0
3400
400
3100
23000
2700
100
1400
0
500
0
11300
15700
3400
9500
3200
0
0
0
1100
<<<<<<< HEAD
10800
0
=======
0
0
<<<<<<< HEAD
300
2600
4000
3600
=======
>>>>>>> d5e0e10f1ffb34fd1202ceedf072179a45d3cbc3
0
0
1800
11100
900
11800
31100
4400
>>>>>>> 813e4e8f833d3d659cd3b6beaadbde6b65e3b858
300
